time (s)	Final count	dt	dc
0	369.91	0	19.23304448
20	340.91	0	18.46374827
40	319.91	0	17.88602807
60	349.91	0	18.70588143
80	306.91	0	17.51884699
100	331.91	0	18.2183973
120	327.91	0	18.1082854
140	311.91	0	17.66097393
160	328.91	0	18.13587605
180	318.91	0	17.85805141
200	309.91	0	17.60426085
220	302.91	0	17.40430981
240	266.91	0	16.33738045
260	326.91	0	18.08065264
280	299.91	0	17.3179098
300	340.91	0	18.46374827
320	348.91	0	18.67913274
340	314.91	0	17.74570371
360	317.91	0	17.83003085
380	295.91	0	17.20203476
400	300.91	0	17.34675762
420	305.91	0	17.49028302
440	282.91	0	16.81992866
460	308.91	0	17.57583568
480	319.91	0	17.88602807
500	303.91	0	17.43301466
520	303.91	0	17.43301466
540	301.91	0	17.37555755
560	312.91	0	17.68926228
580	310.91	0	17.63264019
600	265.91	0	16.30674707
620	287.91	0	16.96791089
640	297.91	0	17.26006952
660	297.91	0	17.26006952
680	285.91	0	16.90887341
700	290.91	0	17.05608396
720	295.91	0	17.20203476
740	276.91	0	16.64061297
760	305.91	0	17.49028302
780	241.91	0	15.55345621
800	293.91	0	17.14380355
820	266.91	0	16.33738045
840	260.91	0	16.15270875
860	275.91	0	16.61053882
880	258.91	0	16.09068053
900	250.91	0	15.84013889
920	277.91	0	16.67063286
940	240.91	0	15.52127572
960	280.91	0	16.76036992
980	261.91	0	16.18363371
1000	271.91	0	16.48969375
1020	280.91	0	16.76036992
1040	255.91	0	15.99718725
1060	235.91	0	15.35936197
1080	266.91	0	16.33738045
1100	263.91	0	16.24530701
1120	277.91	0	16.67063286
1140	259.91	0	16.12172447
1160	234.91	0	15.32677396
1180	246.91	0	15.7133701
1200	261.91	0	16.18363371
1220	220.91	0	14.86304141
1240	247.91	0	15.74515799
1260	219.91	0	14.82936276
1280	251.91	0	15.87167288
1300	247.91	0	15.74515799
1320	256.91	0	16.02841227
1340	248.91	0	15.77688182
1360	198.91	0	14.10354565
1380	257.91	0	16.05957658
1400	253.91	0	15.93455365
1420	224.91	0	14.9969997
1440	220.91	0	14.86304141
1460	256.91	0	16.02841227
1480	207.91	0	14.41908458
1500	204.91	0	14.31467778
1520	210.91	0	14.52274079
1540	214.91	0	14.659809
1560	205.91	0	14.34956445
1580	256.91	0	16.02841227
1600	230.91	0	15.19572308
1620	233.91	0	15.29411652
1640	211.91	0	14.55712884
1660	199.91	0	14.13895329
1680	197.91	0	14.06804891
1700	204.91	0	14.31467778
1720	186.91	0	13.67150321
1740	192.91	0	13.88920444
1760	225.91	0	15.03030272
1780	221.91	0	14.89664392
1800	184.91	0	13.59816164
1820	199.91	0	14.13895329
1840	216.91	0	14.72786475
1860	185.91	0	13.63488174
1880	220.91	0	14.86304141
1900	193.91	0	13.92515709
1920	190.91	0	13.81701849
1940	214.91	0	14.659809
1960	169.91	0	13.03495301
1980	207.91	0	14.41908458
2000	191.91	0	13.85315848
2020	180.91	0	13.45027881
2040	200.91	0	14.17427247
2060	180.91	0	13.45027881
2080	204.91	0	14.31467778
2100	195.91	0	13.99678535
2120	184.91	0	13.59816164
2140	162.91	0	12.76362018
2160	196.91	0	14.03246236
2180	171.91	0	13.11144538
2200	175.91	0	13.26310673
2220	152.91	0	12.36567831
2240	183.91	0	13.56134212
2260	154.91	0	12.44628459
2280	160.91	0	12.68503055
2300	179.91	0	13.41305334
2320	149.91	0	12.24377393
2340	168.91	0	12.996538
2360	162.91	0	12.76362018
2380	169.91	0	13.03495301
2400	170.91	0	13.07325514
2420	147.91	0	12.16182552
2440	157.91	0	12.56622457
2460	169.91	0	13.03495301
2480	164.91	0	12.84172886
2500	160.91	0	12.68503055
2520	154.91	0	12.44628459
2540	184.91	0	13.59816164
2560	163.91	0	12.80273408
2580	154.91	0	12.44628459
2600	164.91	0	12.84172886
2620	137.91	0	11.74350885
2640	144.91	0	12.03785695
2660	140.91	0	11.8705518
2680	139.91	0	11.82835576
2700	149.91	0	12.24377393
2720	132.91	0	11.52865994
2740	154.91	0	12.44628459
2760	167.91	0	12.95800911
2780	174.91	0	13.22535444
2800	128.91	0	11.35385397
2820	142.91	0	11.95449706
2840	154.91	0	12.44628459
2860	121.91	0	11.04128616
2880	142.91	0	11.95449706
2900	141.91	0	11.91259837
2920	125.91	0	11.22096253
2940	136.91	0	11.70085467
2960	155.91	0	12.48639259
2980	138.91	0	11.78600865
3000	130.91	0	11.4415908
3020	134.91	0	11.61507641
3040	148.91	0	12.20286852
3060	142.91	0	11.95449706
3080	116.91	0	10.81249277
3100	136.91	0	11.70085467
3120	119.91	0	10.95034246
3140	118.91	0	10.90458619
3160	138.91	0	11.78600865
3180	106.91	0	10.3397292
3200	118.91	0	10.90458619
3220	137.91	0	11.74350885
3240	121.91	0	11.04128616
3260	120.91	0	10.99590833
3280	104.91	0	10.24255827
3300	100.91	0	10.04539696
3320	120.91	0	10.99590833
3340	114.91	0	10.7196082
3360	106.91	0	10.3397292
3380	118.91	0	10.90458619
3400	117.91	0	10.85863712
3420	109.91	0	10.48379702
3440	97.91	0	9.894948206
3460	116.91	0	10.81249277
3480	124.91	0	11.17631424
3500	120.91	0	10.99590833
3520	121.91	0	11.04128616
3540	102.91	0	10.14445661
3560	101.91	0	10.09504829
3580	112.91	0	10.62591173
3600	93.91	0	9.690717208
3620	116.91	0	10.81249277
3640	114.91	0	10.7196082
3660	122.91	0	11.08647825
3680	116.91	0	10.81249277
3700	116.91	0	10.81249277
3720	113.91	0	10.67286278
3740	103.91	0	10.19362546
3760	110.91	0	10.53138168
3780	114.91	0	10.7196082
3800	112.91	0	10.62591173
3820	110.91	0	10.53138168
3840	103.91	0	10.19362546
3860	93.91	0	9.690717208
3880	93.91	0	9.690717208
3900	99.91	0	9.995498987
3920	100.91	0	10.04539696
3940	104.91	0	10.24255827
3960	99.91	0	9.995498987
3980	104.91	0	10.24255827
4000	101.91	0	10.09504829
4020	110.91	0	10.53138168
4040	99.91	0	9.995498987
4060	91.91	0	9.586970324
4080	99.91	0	9.995498987
4100	95.91	0	9.793365101
4120	103.91	0	10.19362546
4140	98.91	0	9.945350673
4160	95.91	0	9.793365101
4180	97.91	0	9.894948206
4200	76.91	0	8.769834662
4220	83.91	0	9.160240172
4240	78.91	0	8.883130079
4260	82.91	0	9.105492848
4280	82.91	0	9.105492848
4300	80.91	0	8.99499861
4320	94.91	0	9.742176348
4340	87.91	0	9.376033276
4360	79.91	0	8.939239341
4380	85.91	0	9.26876475
4400	74.91	0	8.655056326
4420	77.91	0	8.826664149
4440	68.91	0	8.301204732
4460	105.91	0	10.29125843
4480	72.91	0	8.538735269
4500	86.91	0	9.322553298
4520	75.91	0	8.712634504
4540	71.91	0	8.479976415
4560	80.91	0	8.99499861
4580	79.91	0	8.939239341
4600	89.91	0	9.482088378
4620	85.91	0	9.26876475
4640	80.91	0	8.99499861
4660	86.91	0	9.322553298
4680	70.91	0	8.420807562
4700	74.91	0	8.655056326
4720	89.91	0	9.482088378
4740	66.91	0	8.179853299
4760	62.91	0	7.93158244
4780	79.91	0	8.939239341
4800	36.91	0	6.075360072
4820	77.91	0	8.826664149
4840	76.91	0	8.769834662
4860	69.91	0	8.361220007
4880	67.91	0	8.240752393
4900	66.91	0	8.179853299
4920	73.91	0	8.597092532
4940	70.91	0	8.420807562
4960	66.91	0	8.179853299
4980	75.91	0	8.712634504
5000	52.91	0	7.273926038
5020	64.91	0	8.056674252
5040	60.91	0	7.80448589
5060	62.91	0	7.93158244
5080	64.91	0	8.056674252
5100	48.91	0	6.993568474
5120	58.91	0	7.675285011
5140	68.91	0	8.301204732
5160	53.91	0	7.34234295
5180	85.91	0	9.26876475
5200	69.91	0	8.361220007
5220	61.91	0	7.868290793
5240	56.91	0	7.543871685
5260	51.91	0	7.204859471
5280	63.91	0	7.994373021
5300	57.91	0	7.609862022
5320	58.91	0	7.675285011
5340	53.91	0	7.34234295
5360	63.91	0	7.994373021
5380	46.91	0	6.84908753
5400	53.91	0	7.34234295
5420	58.91	0	7.675285011
5440	59.91	0	7.740155037
5460	45.91	0	6.775691847
5480	54.91	0	7.410128204
5500	57.91	0	7.609862022
5520	57.91	0	7.609862022
5540	49.91	0	7.064700984
5560	68.91	0	8.301204732
5580	54.91	0	7.410128204
5600	52.91	0	7.273926038
5620	52.91	0	7.273926038
5640	37.91	0	6.157109712
5660	64.91	0	8.056674252
5680	53.91	0	7.34234295
5700	55.91	0	7.477298978
5720	52.91	0	7.273926038
5740	41.91	0	6.473793324
5760	38.91	0	6.23778807
5780	45.91	0	6.775691847
5800	34.91	0	5.908468499
5820	52.91	0	7.273926038
5840	36.91	0	6.075360072
5860	42.91	0	6.550572494
5880	49.91	0	7.064700984
5900	52.91	0	7.273926038
5920	40.91	0	6.396092557
5940	38.91	0	6.23778807
5960	39.91	0	6.317436189
5980	38.91	0	6.23778807
6000	43.91	0	6.626462103
6020	41.91	0	6.473793324
6040	47.91	0	6.921704992
6060	42.91	0	6.550572494
6080	35.91	0	5.992495307
6100	51.91	0	7.204859471
6120	46.91	0	6.84908753
6140	56.91	0	7.543871685
6160	36.91	0	6.075360072
6180	44.91	0	6.701492371
6200	40.91	0	6.396092557
6220	38.91	0	6.23778807
6240	37.91	0	6.157109712
6260	57.91	0	7.609862022
6280	39.91	0	6.317436189
6300	44.91	0	6.701492371
6320	44.91	0	6.701492371
6340	30.91	0	5.55967625
6360	45.91	0	6.775691847
6380	37.91	0	6.157109712
6400	32.91	0	5.736723804
6420	31.91	0	5.648893697
6440	24.91	0	4.990991885
6460	32.91	0	5.736723804
6480	45.91	0	6.775691847
6500	34.91	0	5.908468499
6520	24.91	0	4.990991885
6540	61.91	0	7.868290793
6560	34.91	0	5.908468499
6580	30.91	0	5.55967625
6600	42.91	0	6.550572494
6620	39.91	0	6.317436189
6640	36.91	0	6.075360072
6660	37.91	0	6.157109712
6680	34.91	0	5.908468499
6700	36.91	0	6.075360072
6720	41.91	0	6.473793324
6740	25.91	0	5.090186637
6760	43.91	0	6.626462103
6780	36.91	0	6.075360072
6800	38.91	0	6.23778807
6820	28.91	0	5.376802024
6840	21.91	0	4.680811895
6860	45.91	0	6.775691847
6880	34.91	0	5.908468499
6900	45.91	0	6.775691847
6920	36.91	0	6.075360072
6940	38.91	0	6.23778807
6960	26.91	0	5.18748494
6980	38.91	0	6.23778807
7000	29.91	0	5.469003566
7020	43.91	0	6.626462103
7040	33.91	0	5.823229345
7060	38.91	0	6.23778807
7080	42.91	0	6.550572494
7100	41.91	0	6.473793324
7120	35.91	0	5.992495307
7140	29.91	0	5.469003566
7160	32.91	0	5.736723804
7180	28.91	0	5.376802024
7200	30.91	0	5.55967625
7220	36.91	0	6.075360072
7240	37.91	0	6.157109712
7260	23.91	0	4.889785271
7280	25.91	0	5.090186637
7300	29.91	0	5.469003566
7320	28.91	0	5.376802024
7340	40.91	0	6.396092557
7360	26.91	0	5.18748494
7380	33.91	0	5.823229345
7400	17.91	0	4.232020794
7420	32.91	0	5.736723804
7440	34.91	0	5.908468499
7460	29.91	0	5.469003566
7480	28.91	0	5.376802024
7500	33.91	0	5.823229345
7520	29.91	0	5.469003566
7540	29.91	0	5.469003566
7560	35.91	0	5.992495307
7580	16.91	0	4.112177039
7600	28.91	0	5.376802024
7620	27.91	0	5.282991577
7640	23.91	0	4.889785271
7660	21.91	0	4.680811895
7680	26.91	0	5.18748494
7700	24.91	0	4.990991885
7720	31.91	0	5.648893697
7740	19.91	0	4.462062303
7760	33.91	0	5.823229345
7780	19.91	0	4.462062303
7800	21.91	0	4.680811895
7820	19.91	0	4.462062303
7840	26.91	0	5.18748494
7860	27.91	0	5.282991577
7880	22.91	0	4.786439178
7900	35.91	0	5.992495307
7920	18.91	0	4.348562981
7940	19.91	0	4.462062303
7960	24.91	0	4.990991885
7980	26.91	0	5.18748494
8000	25.91	0	5.090186637
8020	24.91	0	4.990991885
8040	14.91	0	3.861346915
8060	19.91	0	4.462062303
8080	22.91	0	4.786439178
8100	15.91	0	3.988734135
8120	25.91	0	5.090186637
8140	20.91	0	4.572745346
8160	10.91	0	3.303028913
8180	27.91	0	5.282991577
8200	18.91	0	4.348562981
8220	19.91	0	4.462062303
8240	13.91	0	3.72961124
8260	12.91	0	3.593048845
8280	19.91	0	4.462062303
8300	22.91	0	4.786439178
8320	19.91	0	4.462062303
8340	26.91	0	5.18748494
8360	25.91	0	5.090186637
8380	17.91	0	4.232020794
8400	14.91	0	3.861346915
8420	20.91	0	4.572745346